150 73 21
150 73 48
150 73 56
150 73 59
150 73 60
150 73 67
150 73 71
150 73 83
150 73 104
150 73 130
150 73 154
150 73 164
150 73 167
150 73 168
150 73 169
150 73 188
150 73 229
150 73 234
150 73 243
150 73 244
150 73 246
150 73 248
150 73 255
150 73 257
150 73 273
150 73 284
150 73 290
150 73 294
150 73 299
150 73 300
150 73 308
150 73 312
150 73 318
150 73 321
150 73 325
150 73 332
150 73 350
150 73 351
150 73 354
150 73 363
150 73 418
150 73 419
150 73 440
150 73 449
150 73 459
150 73 463
150 73 489
150 73 490
150 73 491
150 73 504
150 73 505
150 73 511
150 73 534
150 73 575
150 73 591
150 73 608
150 73 612
150 73 630
150 73 634
150 73 641
150 73 680
150 73 682
150 73 700
150 73 710
150 73 717
150 73 729
150 73 734
150 73 743
150 73 752
150 73 753
150 73 762
150 73 772
150 73 774
150 73 786
150 73 800
150 73 809
150 73 833
150 73 853
150 73 875
150 73 886
150 73 891
150 73 894
150 73 898
150 73 903
150 73 908
150 73 916
150 73 929
150 73 931
150 73 935
150 73 937
150 73 950
150 73 953
150 73 956
150 73 963
150 73 970
150 73 981
150 73 983
150 73 994
150 73 1000
150 73 1008
150 73 1010
150 73 1024
150 73 1031
150 73 1034
150 73 1037
150 73 1081
150 73 1094
150 73 1099
150 73 1101
150 73 1111
150 73 1123
150 73 1129
150 73 1131
150 73 1137
150 73 1153
150 73 1171
150 73 1181
150 73 1192
150 73 1199
150 73 1200
150 73 1214
150 73 1221
150 73 1224
150 73 1229
150 73 1237
150 73 1238
150 73 1254
150 73 1260
150 73 1286
150 73 1299
150 73 1304
150 73 1310
150 73 1329
150 73 1358
150 73 1363
150 73 1395
150 73 1437
150 73 1446
150 73 1475
150 73 1476
150 73 1487
150 73 1489
150 73 1497
150 73 1520
150 73 1535
150 73 1552
150 73 1569
150 73 1570
150 73 1574
150 73 1594
150 73 1604
150 73 1631
150 73 1638
150 73 1655
150 73 1662
150 73 1663
150 73 1667
150 73 1668
150 73 1685
150 73 1722
150 73 1723
150 73 1737
150 73 1740
150 73 1741
150 73 1743
150 73 1749
150 73 1750
150 73 1754
150 73 1767
150 73 1774
150 73 1805
150 73 1809
150 73 1828
150 73 1829
150 73 1833
150 73 1843
150 73 1853
150 73 1859
150 73 1869
150 73 1881
150 73 1882
150 73 1884
150 73 1886
150 73 1891
150 73 1901
150 73 1938
150 73 1942
150 73 1983
150 73 1986
150 73 1990
150 73 1994
150 73 1996
150 73 1999
150 73 2043
150 73 2049
150 73 2071
150 73 2082
150 73 2090
150 73 2098
150 73 2106
150 73 2113
150 73 2115
150 73 2117
150 73 2120
150 73 2144
150 73 2146
150 73 2147
150 73 2149
150 73 2152
150 73 2156
150 73 2158
150 73 2160
150 73 2179
150 73 2190
150 73 2199
150 73 2208
150 73 2211
150 73 2218
150 73 2219
150 73 2230
150 73 2232
150 73 2233
150 73 2247
150 73 2253
150 73 2266
150 73 2268
150 73 2270
150 73 2300
150 73 2311
150 73 2325
150 73 2333
150 73 2336
150 73 2342
150 73 2347
150 73 2354
150 73 2380
150 73 2402
150 73 2403
150 73 2408
150 73 2429
150 73 2435
150 73 2436
150 73 2467
150 73 2479
150 73 2499
150 73 2508
150 73 2516
150 73 2530
150 73 2533
150 73 2540
150 73 2543
150 73 2567
150 73 2576
150 73 2587
150 73 2598
150 73 2637
150 73 2640
150 73 2644
150 73 2647
150 73 2662
150 73 2673
150 73 2674
150 73 2686
150 73 2704
150 73 2706
150 73 2713
150 73 2719
150 73 2720
150 73 2737
150 73 2754
150 73 2760
150 73 2764
150 73 2778
150 73 2786
150 73 2792
150 73 2798
150 73 2805
150 73 2817
150 73 2820
150 73 2824
150 73 2834
150 73 2846
150 73 2865
150 73 2866
150 73 2872
150 73 2874
150 73 2876
150 73 2877
150 73 2884
150 73 2886
150 73 2889
150 73 2901
150 73 2920
150 73 2934
150 73 2942
150 73 2945
150 73 2955
150 73 2959
150 73 2977
150 73 2987
150 73 2989
150 73 3031
150 73 3032
150 73 3036
150 73 3045
150 73 3061
150 73 3062
150 73 3084
150 73 3094
150 73 3113
150 73 3117
150 73 3118
150 73 3121
150 73 3126
150 73 3131
150 73 3135
150 73 3141
150 73 3170
150 73 3176
150 73 3191
150 73 3196
150 73 3214
150 73 3233
150 73 3250
150 73 3259
150 73 3265
150 73 3278
150 73 3280
150 73 3283
150 73 3290
150 73 3304
150 73 3308
150 73 3312
150 73 3334
150 73 3343
150 73 3366
150 73 3367
150 73 3386
150 73 3389
150 73 3394
150 73 3398
150 73 3401
150 73 3414
150 73 3419
150 73 3434
150 73 3438
150 73 3442
150 73 3449
150 73 3471
150 73 3474
150 73 3475
150 73 3478
150 73 3488
150 73 3502
150 73 3506
150 73 3523
150 73 3524
150 73 3547
150 73 3550
150 73 3571
150 73 3576
150 73 3582
150 73 3583
150 73 3584
150 73 3586
150 73 3600
150 73 3611
150 73 3633
150 73 3638
150 73 3646
150 73 3650
150 73 3651
150 73 3663
150 73 3671
150 73 3714
150 73 3740
150 73 3744
150 73 3748
150 73 3758
150 73 3770
150 73 3790
150 73 3792
150 73 3799
150 73 3807
150 73 3815
150 73 3823
150 73 3836
150 73 3842
150 73 3860
150 73 3888
150 73 3890
150 73 3894
150 73 3896
150 73 3898
150 73 3901
150 73 3902
150 73 3905
150 73 3913
150 73 3929
150 73 3932
150 73 3938
150 73 3943
150 73 3972
150 73 4003
150 73 4008
150 73 4012
150 73 4013
150 73 4030
150 73 4054
150 73 4073
150 73 4078
150 73 4084
150 73 4089
150 73 4093
150 73 4111
150 73 4112
150 73 4131
150 73 4138
150 73 4155
150 73 4179
150 73 4186
150 73 4187
150 73 4192
150 73 4200
150 73 4209
150 73 4211
150 73 4212
150 73 4223
150 73 4225
150 73 4226
150 73 4260
150 73 4276
150 73 4293
150 73 4294
150 73 4306
150 73 4311
150 73 4318
150 73 4362
150 73 4366
150 73 4368
150 73 4382
150 73 4384
150 73 4390
150 73 4403
150 73 4407
150 73 4415
150 73 4421
150 73 4422
150 73 4437
150 73 4453
150 73 4461
150 73 4466
150 73 4471
150 73 4475
150 73 4488
150 73 4494
150 73 4496
150 73 4499
150 73 4503
150 73 4510
150 73 4511
150 73 4517
150 73 4538
150 73 4541
150 73 4553
150 73 4573
150 73 4574
150 73 4587
150 73 4589
150 73 4593
150 73 4607
150 73 4641
150 73 4648
150 73 4649
150 73 4652
150 73 4653
150 73 4658
150 73 4690
150 73 4702
150 73 4714
150 73 4718
150 73 4731
150 73 4745
150 73 4755
150 73 4766
150 73 4770
150 73 4776
150 73 4784
150 73 4804
150 73 4826
150 73 4845
150 73 4855
150 73 4864
150 73 4901
150 73 4928
150 73 4929
150 73 4930
150 73 4934
150 73 4935
150 73 4941
150 73 4950
150 73 4961
150 73 4971
150 73 4991
150 73 4995
150 73 5004
150 73 5025
150 73 5026
150 73 5035
150 73 5056
150 73 5057
150 73 5058
150 73 5063
150 73 5072
150 73 5079
150 73 5106
150 73 5114
150 73 5124
150 73 5132
150 73 5139
150 73 5140
150 73 5144
150 73 5179
150 73 5190
150 73 5198
150 73 5209
150 73 5234
150 73 5241
150 73 5246
150 73 5260
150 73 5269
150 73 5290
150 73 5292
150 73 5300
150 73 5305
150 73 5318
150 73 5328
150 73 5333
150 73 5334
150 73 5335
150 73 5337
150 73 5342
150 73 5345
150 73 5360
150 73 5367
150 73 5368
150 73 5385
150 73 5404
150 73 5432
150 73 5439
150 73 5466
150 73 5479
150 73 5501
150 73 5523
150 73 5541
150 73 5542
150 73 5544
150 73 5548
150 73 5556
150 73 5566
150 73 5573
150 73 5576
150 73 5584
150 73 5589
150 73 5600
150 73 5604
150 73 5605
150 73 5630
150 73 5644
150 73 5655
150 73 5660
150 73 5670
150 73 5674
150 73 5686
150 73 5693
150 73 5698
150 73 5699
150 73 5702
150 73 5719
150 73 5732
150 73 5752
150 73 5754
150 73 5771
150 73 5783
150 73 5792
150 73 5803
150 73 5821
150 73 5827
150 73 5833
150 73 5849
150 73 5886
150 73 5898
150 73 5902
150 73 5907
150 73 5908
150 73 5923
150 73 5928
150 73 5931
150 73 5944
150 73 5945
150 73 5951
150 73 5954
150 73 5960
150 73 5970
150 73 5999
150 73 6000
150 73 6016
150 73 6032
150 73 6039
150 73 6043
150 73 6051
150 73 6052
150 73 6053
150 73 6055
150 73 6069
150 73 6074
150 73 6079
150 73 6090
150 73 6091
150 73 6092
150 73 6101
150 73 6108
150 73 6141
150 73 6146
150 73 6147
150 73 6158
150 73 6173
150 73 6175
150 73 6192
150 73 6193
150 73 6207
150 73 6223
150 73 6225
150 73 6227
150 73 6243
150 73 6244
150 73 6252
150 73 6257
150 73 6259
150 73 6273
150 73 6329
150 73 6339
150 73 6345
150 73 6349
150 73 6357
150 73 6376
150 73 6391
150 73 6397
150 73 6411
150 73 6425
150 73 6429
150 73 6430
150 73 6436
150 73 6447
150 73 6453
150 73 6461
150 73 6472
150 73 6482
150 73 6510
150 73 6561
150 73 6592
150 73 6593
150 73 6621
150 73 6631
150 73 6635
150 73 6636
150 73 6652
150 73 6689
150 73 6691
150 73 6693
150 73 6700
150 73 6703
150 73 6710
150 73 6714
150 73 6715
150 73 6720
150 73 6728
150 73 6732
150 73 6768
150 73 6800
150 73 6805
150 73 6812
150 73 6825
150 73 6829
150 73 6862
150 73 6864
150 73 6871
150 73 6915
150 73 6917
150 73 6923
150 73 6930
150 73 6934
150 73 6958
150 73 6975
150 73 6983
150 73 6990
150 73 6993
150 73 6994
150 73 7007
150 73 7008
150 73 7015
150 73 7020
150 73 7025
150 73 7031
150 73 7053
150 73 7059
150 73 7067
150 73 7068
150 73 7094
150 73 7099
150 73 7104
150 73 7119
150 73 7127
150 73 7159
150 73 7160
150 73 7162
150 73 7171
150 73 7182
150 73 7197
150 73 7211
150 73 7229
150 73 7262
150 73 7268
150 73 7280
150 73 7298
150 73 7304
150 73 7308
150 73 7326
150 73 7355
150 73 7364
150 73 7365
150 73 7369
150 73 7380
150 73 7383
150 73 7393
150 73 7416
150 73 7432
150 73 7445
150 73 7449
150 73 7453
150 73 7460
150 73 7474
150 73 7483
150 73 7487
150 73 7488
150 73 7489
150 73 7503
150 73 7509
150 73 7518
150 73 7524
150 73 7539
150 73 7542
150 73 7568
150 73 7582
150 73 7586
150 73 7630
150 73 7649
150 73 7655
150 73 7661
150 73 7665
150 73 7667
150 73 7670
150 73 7682
150 73 7687
150 73 7693
150 73 7726
150 73 7734
150 73 7735
150 73 7740
150 73 7783
150 73 7785
150 73 7791
150 73 7797
150 73 7806
150 73 7808
150 73 7810
150 73 7822
150 73 7833
150 73 7844
150 73 7848
150 73 7866
150 73 7882
150 73 7898
150 73 7903
150 73 7913
150 73 7927
150 73 7935
150 73 7939
150 73 7940
150 73 7948
150 73 7983
150 73 7984
150 73 7987
150 73 8007
150 73 8008
150 73 8015
150 73 8021
150 73 8041
150 73 8042
150 73 8047
150 73 8068
150 73 8071
150 73 8108
150 73 8109
150 73 8114
150 73 8119
150 73 8120
150 73 8126
150 73 8128
150 73 8168
150 73 8171
150 73 8200
150 73 8203
150 73 8213
150 73 8216
150 73 8220
150 73 8224
150 73 8226
150 73 8252
150 73 8259
150 73 8294
150 73 8300
150 73 8315
150 73 8316
150 73 8325
150 73 8333
150 73 8371
150 73 8373
150 73 8387
150 73 8392
150 73 8398
150 73 8401
150 73 8407
150 73 8419
150 73 8445
150 73 8453
150 73 8461
150 73 8490
150 73 8493
150 73 8494
150 73 8512
150 73 8515
150 73 8561
150 73 8565
150 73 8575
150 73 8594
150 73 8633
150 73 8634
150 73 8650
150 73 8651
150 73 8657
150 73 8660
150 73 8663
150 73 8671
150 73 8673
150 73 8680
150 73 8683
150 73 8707
150 73 8729
150 73 8734
150 73 8736
150 73 8740
150 73 8742
150 73 8765
150 73 8774
150 73 8802
150 73 8810
150 73 8829
150 73 8830
150 73 8857
150 73 8859
150 73 8860
150 73 8863
150 73 8866
150 73 8892
150 73 8895
150 73 8905
150 73 8908
150 73 8920
150 73 8952
150 73 8956
150 73 8990
150 73 8993
150 73 9022
150 73 9024
150 73 9048
150 73 9053
150 73 9067
150 73 9070
150 73 9073
150 73 9074
150 73 9098
150 73 9099
150 73 9105
150 73 9117
150 73 9160
150 73 9163
150 73 9168
150 73 9174
150 73 9197
150 73 9202
150 73 9245
150 73 9250
150 73 9282
150 73 9294
150 73 9331
150 73 9338
150 73 9350
150 73 9355
150 73 9359
150 73 9364
150 73 9366
150 73 9398
150 73 9400
150 73 9412
150 73 9414
150 73 9418
150 73 9422
150 73 9429
150 73 9431
150 73 9440
150 73 9462
150 73 9476
150 73 9481
150 73 9496
150 73 9501
150 73 9511
150 73 9517
150 73 9520
150 73 9527
150 73 9536
150 73 9545
150 73 9551
150 73 9557
150 73 9560
150 73 9566
150 73 9568
150 73 9581
150 73 9583
150 73 9587
150 73 9588
150 73 9589
150 73 9602
150 73 9607
150 73 9615
150 73 9616
150 73 9618
150 73 9630
150 73 9640
150 73 9648
150 73 9664
150 73 9672
150 73 9685
150 73 9705
150 73 9710
150 73 9726
150 73 9728
150 73 9734
150 73 9744
150 73 9747
150 73 9748
150 73 9755
150 73 9764
150 73 9768
150 73 9774
150 73 9798
150 73 9799
150 73 9804
150 73 9809
150 73 9810
150 73 9825
150 73 9832
150 73 9850
150 73 9855
150 73 9862
150 73 9863
150 73 9866
150 73 9871
150 73 9873
150 73 9882
150 73 9886
150 73 9892
150 73 9901
150 73 9935
150 73 9950
150 73 9952
150 73 9958
150 73 9963
150 73 9965
150 73 9971
150 73 9977
150 73 9988
150 73 10011
150 73 10019
150 73 10020
150 73 10023
150 73 10024
150 73 10039
150 73 10069
150 73 10070
150 73 10072
150 73 10077
150 73 10098
150 73 10100
150 73 10107
150 73 10121
150 73 10139
150 73 10166
150 73 10167
150 73 10203
150 73 10207
150 73 10216
150 73 10250
150 73 10256
150 73 10260
150 73 10268
150 73 10276
150 73 10288
150 73 10289
150 73 10294
150 73 10307
150 73 10308
150 73 10338
150 73 10355
150 73 10385
150 73 10401
150 73 10402
150 73 10405
150 73 10406
150 73 10414
150 73 10427
150 73 10432
150 73 10443
150 73 10462
150 73 10466
150 73 10486
150 73 10488
150 73 10490
150 73 10491
150 73 10502
150 73 10519
150 73 10529
150 73 10551
150 73 10558
150 73 10576
150 73 10616
150 73 10620
150 73 10623
150 73 10636
150 73 10641
150 73 10647
150 73 10653
150 73 10658
150 73 10662
150 73 10670
150 73 10672
150 73 10680
150 73 10681
150 73 10686
150 73 10695
150 73 10707
150 73 10709
150 73 10720
150 73 10723
150 73 10724
150 73 10732
150 73 10735
150 73 10738
150 73 10743
150 73 10745
150 73 10752
150 73 10754
150 73 10756
150 73 10760
150 73 10777
150 73 10813
150 73 10819
150 73 10829
150 73 10848
150 73 10861
150 73 10864
150 73 10868
150 73 10871
150 73 10875
150 73 10879
150 73 10881
150 73 10887
150 73 10899
150 73 10959
150 73 10970
150 73 10983
150 73 10984
150 73 10994
150 73 11001
150 73 11008
150 73 11009
150 73 11016
150 73 11024
150 73 11042
150 73 11048
150 73 11054
150 73 11064
150 73 11078
150 73 11086
150 73 11096
150 73 11104
150 73 11117
150 73 11123
150 73 11129
150 73 11136
150 73 11143
150 73 11149
150 73 11159
150 73 11172
150 73 11175
150 73 11180
150 73 11185
150 73 11193
150 73 11207
150 73 11210
150 73 11215
150 73 11222
150 73 11230
150 73 11234
150 73 11236
150 73 11248
150 73 11252
150 73 11262
150 73 11264
150 73 11279
150 73 11283
150 73 11311
150 73 11320
150 73 11342
150 73 11350
150 73 11372
150 73 11377
150 73 11379
150 73 11397
150 73 11398
150 73 11399
150 73 11409
150 73 11416
150 73 11417
150 73 11418
150 73 11421
150 73 11439
150 73 11440
150 73 11475
150 73 11482
150 73 11510
150 73 11511
150 73 11512
150 73 11520
150 73 11523
150 73 11528
150 73 11530
150 73 11534
150 73 11537
150 73 11545
150 73 11559
150 73 11560
150 73 11602
150 73 11620
150 73 11625
150 73 11636
150 73 11639
150 73 11647
150 73 11658
150 73 11672
150 73 11677
150 73 11680
150 73 11697
150 73 11709
150 73 11715
150 73 11733
150 73 11761
150 73 11766
150 73 11786
150 73 11794
150 73 11797
150 73 11820
150 73 11823
150 73 11832
150 73 11838
150 73 11841
150 73 11853
150 73 11870
150 73 11880
150 73 11887
150 73 11898
150 73 11905
150 73 11908
150 73 11920
150 73 11922
150 73 11933
150 73 11968
150 73 11974
150 73 11975
150 73 11982
150 73 11993
150 73 12002
150 73 12008
150 73 12028
150 73 12033
150 73 12040
150 73 12052
150 73 12062
150 73 12067
150 73 12069
150 73 12079
150 73 12102
150 73 12112
150 73 12116
150 73 12126
150 73 12133
150 73 12137
150 73 12138
150 73 12145
150 73 12148
150 73 12154
150 73 12160
150 73 12171
150 73 12186
150 73 12188
150 73 12192
150 73 12212
150 73 12222
150 73 12229
150 73 12248
150 73 12252
150 73 12261
150 73 12267
150 73 12285
150 73 12289
150 73 12293
150 73 12294
150 73 12309
150 73 12310
150 73 12314
150 73 12350
150 73 12353
150 73 12364
150 73 12370
150 73 12424
150 73 12426
150 73 12432
150 73 12447
150 73 12462
150 73 12490
150 73 12492
150 73 12532
150 73 12536
150 73 12544
150 73 12551
150 73 12555
150 73 12575
150 73 12576
150 73 12582
150 73 12586
150 73 12589
150 73 12594
150 73 12597
150 73 12611
150 73 12617
150 73 12645
150 73 12647
150 73 12659
150 73 12679
150 73 12682
150 73 12687
150 73 12724
150 73 12735
150 73 12739
150 73 12752
150 73 12761
150 73 12790
150 73 12798
150 73 12803
150 73 12834
150 73 12837
150 73 12856
150 73 12858
150 73 12863
150 73 12880
150 73 12883
150 73 12904
150 73 12917
150 73 12932
150 73 12945
150 73 12977
150 73 12981
150 73 12997
150 73 13006
150 73 13007
150 73 13008
150 73 13015
150 73 13029
150 73 13031
150 73 13035
150 73 13043
150 73 13072
150 73 13087
150 73 13094
150 73 13098
150 73 13099
150 73 13106
150 73 13127
150 73 13133
150 73 13137
150 73 13146
150 73 13148
150 73 13154
150 73 13162
150 73 13165
150 73 13170
150 73 13177
150 73 13189
150 73 13205
150 73 13212
150 73 13227
150 73 13240
150 73 13242
150 73 13249
150 73 13253
150 73 13254
150 73 13256
150 73 13276
150 73 13296
150 73 13300
150 73 13306
150 73 13319
150 73 13320
150 73 13334
150 73 13336
150 73 13338
150 73 13349
150 73 13354
150 73 13358
150 73 13381
150 73 13383
150 73 13387
150 73 13390
150 73 13402
150 73 13407
150 73 13417
150 73 13439
150 73 13442
150 73 13444
150 73 13456
150 73 13467
150 73 13473
150 73 13481
150 73 13494
150 73 13504
150 73 13510
150 73 13511
150 73 13532
150 73 13541
150 73 13560
150 73 13569
150 73 13589
150 73 13600
150 73 13602
150 73 13606
150 73 13616
150 73 13617
150 73 13618
150 73 13630
150 73 13642
150 73 13643
150 73 13651
150 73 13663
150 73 13664
150 73 13679
150 73 13687
150 73 13691
150 73 13692
150 73 13703
150 73 13708
150 73 13717
150 73 13723
150 73 13772
150 73 13778
150 73 13779
150 73 13781
150 73 13796
150 73 13810
150 73 13827
150 73 13829
150 73 13837
150 73 13865
150 73 13870
150 73 13871
150 73 13876
150 73 13880
150 73 13897
150 73 13929
150 73 13933
150 73 13940
150 73 13946
150 73 13954
150 73 13961
150 73 14000
150 73 14010
150 73 14029
150 73 14039
150 73 14052
150 73 14088
150 73 14092
150 73 14126
150 73 14134
150 73 14135
150 73 14141
150 73 14150
150 73 14154
150 73 14155
150 73 14164
150 73 14201
150 73 14226
150 73 14237
150 73 14238
150 73 14250
150 73 14256
150 73 14278
150 73 14285
150 73 14287
150 73 14291
150 73 14294
150 73 14302
150 73 14306
150 73 14314
150 73 14326
150 73 14329
150 73 14333
150 73 14355
150 73 14358
150 73 14359
150 73 14401
150 73 14408
150 73 14419
150 73 14420
150 73 14440
150 73 14457
150 73 14463
150 73 14466
150 73 14474
150 73 14503
150 73 14509
150 73 14510
150 73 14513
150 73 14515
150 73 14527
150 73 14542
150 73 14563
150 73 14588
150 73 14596
150 73 14618
150 73 14628
150 73 14632
150 73 14633
150 73 14634
150 73 14637
150 73 14643
150 73 14644
150 73 14655
150 73 14664
150 73 14680
150 73 14700
150 73 14703
150 73 14715
150 73 14724
150 73 14734
150 73 14736
150 73 14737
150 73 14738
150 73 14759
150 73 14765
150 73 14778
150 73 14792
150 73 14799
150 73 14807
150 73 14816
150 73 14825
150 73 14827
150 73 14830
150 73 14832
150 73 14839
150 73 14854
150 73 14859
150 73 14860
150 73 14864
150 73 14877
150 73 14895
150 73 14908
150 73 14920
150 73 14925
150 73 14928
150 73 14932
150 73 14951
150 73 14960
150 73 14963
150 73 14971
150 73 14978
150 73 14982
150 73 14987
150 73 15054
150 73 15056
150 73 15067
150 73 15068
150 73 15080
150 73 15086
150 73 15091
150 73 15111
150 73 15126
150 73 15132
150 73 15145
150 73 15146
150 73 15158
150 73 15162
150 73 15188
150 73 15191
150 73 15253
150 73 15257
150 73 15264
150 73 15271
150 73 15286
150 73 15287
150 73 15298
150 73 15309
150 73 15323
150 73 15332
150 73 15346
150 73 15351
150 73 15363
150 73 15365
150 73 15378
150 73 15388
150 73 15392
150 73 15402
150 73 15420
150 73 15425
150 73 15427
150 73 15435
150 73 15443
150 73 15446
150 73 15479
150 73 15508
150 73 15510
150 73 15521
150 73 15526
150 73 15559
150 73 15565
150 73 15616
150 73 15626
150 73 15657
150 73 15661
150 73 15665
150 73 15678
150 73 15680
150 73 15683
150 73 15694
150 73 15695
150 73 15700
150 73 15701
150 73 15736
150 73 15740
150 73 15748
150 73 15752
150 73 15754
150 73 15757
150 73 15760
150 73 15763
150 73 15772
150 73 15774
150 73 15812
150 73 15815
150 73 15831
150 73 15844
150 73 15850
150 73 15851
150 73 15858
150 73 15864
150 73 15883
150 73 15891
150 73 15892
150 73 15917
150 73 15937
150 73 15943
150 73 15949
150 73 15950
150 73 15969
150 73 16005
150 73 16008
150 73 16038
150 73 16053
150 73 16056
150 73 16069
150 73 16073
150 73 16080
150 73 16082
150 73 16088
150 73 16097
150 73 16142
150 73 16144
150 73 16172
150 73 16178
150 73 16182
150 73 16188
150 73 16190
150 73 16191
150 73 16207
150 73 16221
150 73 16226
150 73 16229
150 73 16230
150 73 16251
150 73 16258
150 73 16259
150 73 16264
150 73 16275
150 73 16276
150 73 16278
150 73 16290
150 73 16292
150 73 16316
150 73 16318
150 73 16327
150 73 16346
150 73 16347
150 73 16382
150 73 16388
150 73 16392
150 73 16413
150 73 16419
150 73 16421
150 73 16426
150 73 16431
150 73 16433
150 73 16435
150 73 16441
150 73 16451
150 73 16453
150 73 16470
150 73 16474
150 73 16478
150 73 16489
150 73 16494
150 73 16510
150 73 16520
150 73 16523
150 73 16561
150 73 16564
150 73 16569
150 73 16570
150 73 16572
150 73 16579
150 73 16605
150 73 16622
150 73 16623
150 73 16625
150 73 16640
150 73 16643
150 73 16654
150 73 16658
150 73 16668
150 73 16677
150 73 16682
150 73 16740
150 73 16742
150 73 16746
150 73 16758
150 73 16821
150 73 16850
150 73 16851
150 73 16852
150 73 16862
150 73 16890
150 73 16900
150 73 16903
150 73 16904
150 73 16906
150 73 16920
150 73 16921
150 73 16943
150 73 16950
150 73 16978
150 73 16990
150 73 16992
150 73 17002
150 73 17006
150 73 17008
150 73 17013
150 73 17016
150 73 17018
150 73 17029
150 73 17032
150 73 17036
150 73 17041
150 73 17044
150 73 17047
150 73 17058
150 73 17072
150 73 17079
150 73 17086
150 73 17095
150 73 17114
150 73 17119
150 73 17120
150 73 17122
150 73 17126
150 73 17129
150 73 17142
150 73 17160
150 73 17171
150 73 17173
150 73 17205
150 73 17212
150 73 17214
150 73 17216
150 73 17222
150 73 17223
150 73 17227
150 73 17247
150 73 17251
150 73 17260
150 73 17264
150 73 17265
150 73 17280
150 73 17282
150 73 17284
150 73 17300
150 73 17336
150 73 17349
150 73 17352
150 73 17370
150 73 17379
150 73 17397
150 73 17409
150 73 17419
150 73 17422
150 73 17423
150 73 17451
150 73 17466
150 73 17478
150 73 17496
150 73 17501
150 73 17506
150 73 17515
150 73 17522
150 73 17535
150 73 17537
150 73 17552
150 73 17567
150 73 17578
150 73 17581
150 73 17599
150 73 17616
150 73 17628
150 73 17647
150 73 17656
150 73 17662
150 73 17668
150 73 17673
150 73 17686
150 73 17695
150 73 17698
150 73 17699
150 73 17710
150 73 17714
150 73 17718
150 73 17722
150 73 17729
150 73 17747
150 73 17774
150 73 17777
150 73 17778
150 73 17788
150 73 17792
150 73 17793
150 73 17795
150 73 17802
150 73 17812
150 73 17824
150 73 17825
150 73 17831
150 73 17850
150 73 17867
150 73 17871
150 73 17872
150 73 17880
150 73 17894
150 73 17904
150 73 17912
150 73 17921
150 73 17942
150 73 17970
150 73 17996
150 73 17998
150 73 18004
150 73 18008
150 73 18030
150 73 18033
150 73 18040
150 73 18045
150 73 18091
150 73 18131
150 73 18134
150 73 18138
150 73 18145
150 73 18195
150 73 18199
150 73 18225
150 73 18245
150 73 18246
150 73 18257
150 73 18270
150 73 18273
150 73 18287
150 73 18294
150 73 18295
150 73 18313
150 73 18331
150 73 18386
150 73 18394
150 73 18402
150 73 18429
150 73 18434
150 73 18438
150 73 18441
150 73 18444
150 73 18478
150 73 18487
150 73 18507
150 73 18519
150 73 18524
150 73 18530
150 73 18531
150 73 18535
150 73 18537
150 73 18547
150 73 18559
150 73 18571
150 73 18586
150 73 18597
150 73 18600
150 73 18613
150 73 18618
150 73 18621
150 73 18645
150 73 18651
150 73 18654
150 73 18658
150 73 18660
150 73 18668
150 73 18676
150 73 18682
150 73 18693
150 73 18708
150 73 18727
150 73 18730
150 73 18734
150 73 18736
150 73 18737
150 73 18742
150 73 18746
150 73 18751
150 73 18754
150 73 18811
150 73 18822
150 73 18838
150 73 18845
150 73 18851
150 73 18852
150 73 18860
150 73 18890
150 73 18895
150 73 18897
150 73 18905
150 73 18909
150 73 18914
150 73 18919
150 73 18925
150 73 18927
150 73 18933
150 73 18936
150 73 18952
150 73 18957
150 73 18975
150 73 18998
150 73 19000
150 73 19003
150 73 19016
150 73 19041
150 73 19065
150 73 19072
150 73 19091
150 73 19107
150 73 19117
150 73 19134
150 73 19136
150 73 19138
150 73 19158
150 73 19167
150 73 19173
150 73 19182
150 73 19197
150 73 19202
150 73 19216
150 73 19220
150 73 19227
150 73 19233
150 73 19236
150 73 19241
150 73 19264
150 73 19267
150 73 19275
150 73 19277
150 73 19278
150 73 19282
150 73 19288
150 73 19297
150 73 19308
150 73 19312
150 73 19313
150 73 19332
150 73 19333
150 73 19339
150 73 19370
150 73 19383
150 73 19394
150 73 19403
150 73 19423
150 73 19431
150 73 19446
150 73 19450
150 73 19456
150 73 19463
150 73 19468
150 73 19497
150 73 19514
150 73 19548
150 73 19560
150 73 19566
150 73 19591
150 73 19614
150 73 19624
150 73 19646
150 73 19650
150 73 19665
150 73 19690
150 73 19692
150 73 19705
150 73 19710
150 73 19717
150 73 19724
150 73 19764
150 73 19770
150 73 19772
150 73 19780
150 73 19801
150 73 19832
150 73 19842
150 73 19847
150 73 19848
150 73 19857
150 73 19860
150 73 19872
150 73 19893
150 73 19911
150 73 19944
150 73 19955
150 73 19956
150 73 19991
150 73 19993
150 73 19999
150 73 20006
150 73 20027
150 73 20036
150 73 20057
150 73 20069
150 73 20072
150 73 20074
150 73 20086
150 73 20104
150 73 20110
150 73 20132
150 73 20158
150 73 20172
150 73 20173
150 73 20183
150 73 20192
150 73 20197
150 73 20214
150 73 20227
150 73 20239
150 73 20255
150 73 20275
150 73 20279
150 73 20286
150 73 20287
150 73 20293
150 73 20308
150 73 20310
150 73 20325
150 73 20330
150 73 20332
150 73 20359
150 73 20365
150 73 20464
150 73 20479
150 73 20527
150 73 20539
150 73 20543
150 73 20544
150 73 20547
150 73 20550
150 73 20556
150 73 20559
150 73 20563
150 73 20564
150 73 20567
150 73 20570
150 73 20582
150 73 20599
150 73 20612
150 73 20629
150 73 20631
150 73 20634
150 73 20647
150 73 20648
150 73 20654
150 73 20678
150 73 20679
150 73 20681
150 73 20697
150 73 20733
150 73 20738
150 73 20749
150 73 20761
150 73 20790
150 73 20801
150 73 20807
150 73 20833
150 73 20852
150 73 20861
150 73 20863
150 73 20864
150 73 20882
150 73 20896
150 73 20906
150 73 20915
150 73 20929
150 73 20956
150 73 20958
150 73 20965
150 73 20966
150 73 20970
150 73 20984
150 73 20996
150 73 21001
150 73 21003
150 73 21034
150 73 21038
150 73 21057
150 73 21059
150 73 21065
150 73 21072
150 73 21078
150 73 21079
150 73 21080
150 73 21090
150 73 21104
150 73 21119
150 73 21160
150 73 21162
150 73 21245
150 73 21257
150 73 21261
150 73 21272
150 73 21283
150 73 21287
150 73 21315
150 73 21325
150 73 21329
150 73 21340
150 73 21349
150 73 21362
150 73 21363
150 73 21384
150 73 21397
150 73 21423
150 73 21424
150 73 21428
150 73 21460
150 73 21464
150 73 21466
150 73 21467
150 73 21485
150 73 21491
150 73 21498
150 73 21511
150 73 21513
150 73 21536
150 73 21539
150 73 21550
150 73 21554
150 73 21560
150 73 21593
150 73 21618
150 73 21630
150 73 21667
150 73 21676
150 73 21678
150 73 21685
150 73 21690
150 73 21704
150 73 21721
150 73 21741
150 73 21754
150 73 21759
150 73 21760
150 73 21780
150 73 21793
150 73 21794
150 73 21804
150 73 21821
150 73 21841
150 73 21864
150 73 21881
150 73 21904
150 73 21909
150 73 21922
150 73 21932
150 73 21946
150 73 21953
150 73 21954
150 73 21979
150 73 21999
150 73 22022
150 73 22031
150 73 22033
150 73 22035
150 73 22036
150 73 22039
150 73 22055
150 73 22066
150 73 22088
150 73 22089
150 73 22102
150 73 22116
150 73 22117
150 73 22143
150 73 22171
150 73 22184
150 73 22193
150 73 22222
150 73 22224
150 73 22225
150 73 22231
150 73 22246
150 73 22260
150 73 22302
150 73 22306
150 73 22307
150 73 22312
150 73 22323
150 73 22355
150 73 22372
150 73 22373
150 73 22386
150 73 22395
150 73 22425
150 73 22444
150 73 22454
150 73 22460
150 73 22476
150 73 22512
150 73 22532
150 73 22552
150 73 22559
150 73 22565
150 73 22568
150 73 22576
150 73 22582
150 73 22584
150 73 22628
150 73 22629
150 73 22635
150 73 22649
150 73 22681
150 73 22694
150 73 22732
150 73 22733
150 73 22753
150 73 22759
150 73 22773
150 73 22774
150 73 22780
150 73 22786
150 73 22792
150 73 22802
150 73 22819
150 73 22841
150 73 22846
150 73 22851
150 73 22859
150 73 22871
150 73 22880
150 73 22903
150 73 22930
150 73 22935
150 73 22944
150 73 22952
150 73 22954
150 73 22955
150 73 22963
150 73 22969
150 73 22970
150 73 23000
150 73 23003
150 73 23034
150 73 23070
150 73 23076
150 73 23079
150 73 23080
150 73 23082
150 73 23093
150 73 23104
150 73 23108
150 73 23116
150 73 23134
150 73 23159
150 73 23176
150 73 23180
150 73 23183
150 73 23191
150 73 23198
150 73 23200
150 73 23203
150 73 23249
150 73 23255
150 73 23260
150 73 23262
150 73 23280
150 73 23294
150 73 23303
150 73 23304
150 73 23345
150 73 23367
150 73 23383
150 73 23396
150 73 23397
150 73 23399
150 73 23400
150 73 23404
150 73 23414
150 73 23415
150 73 23422
150 73 23424
150 73 23447
150 73 23451
150 73 23483
150 73 23487
150 73 23488
150 73 23493
150 73 23502
150 73 23514
150 73 23521
150 73 23524
150 73 23527
150 73 23533
150 73 23541
150 73 23542
150 73 23553
150 73 23559
150 73 23564
150 73 23581
150 73 23596
150 73 23599
150 73 23602
150 73 23619
150 73 23622
150 73 23643
150 73 23662
150 73 23669
150 73 23675
150 73 23702
150 73 23734
150 73 23737
150 73 23747
150 73 23753
150 73 23760
150 73 23780
150 73 23800
150 73 23809
150 73 23817
150 73 23819
150 73 23823
150 73 23831
150 73 23869
150 73 23873
150 73 23875
150 73 23881
150 73 23892
150 73 23895
150 73 23907
150 73 23909
150 73 23910
150 73 23930
150 73 23940
150 73 23961
150 73 23970
150 73 23983
150 73 23984
150 73 23986
150 73 23989
150 73 24002
150 73 24004
150 73 24020
150 73 24028
150 73 24033
150 73 24038
150 73 24045
150 73 24068
150 73 24085
150 73 24092
150 73 24111
150 73 24121
150 73 24122
150 73 24136
150 73 24138
150 73 24145
150 73 24156
150 73 24168
150 73 24174
150 73 24177
150 73 24181
150 73 24188
150 73 24200
150 73 24220
150 73 24223
150 73 24252
150 73 24261
150 73 24272
150 73 24284
150 73 24285
150 73 24289
150 73 24290
150 73 24303
150 73 24307
150 73 24314
150 73 24324
150 73 24334
150 73 24338
150 73 24341
150 73 24350
150 73 24357
150 73 24364
150 73 24370
150 73 24379
150 73 24386
150 73 24395
150 73 24429
150 73 24437
150 73 24471
150 73 24480
150 73 24484
150 73 24485
150 73 24488
150 73 24490
150 73 24497
150 73 24522
150 73 24529
150 73 24574
150 73 24587
150 73 24598
150 73 24605
150 73 24607
150 73 24621
150 73 24629
150 73 24640
150 73 24657
150 73 24668
150 73 24670
150 73 24700
150 73 24703
150 73 24720
150 73 24731
150 73 24734
150 73 24737
150 73 24751
150 73 24772
150 73 24813
150 73 24814
150 73 24825
150 73 24852
150 73 24859
150 73 24861
150 73 24872
150 73 24899
150 73 24926
150 73 24946
150 73 24957
150 73 24978
150 73 24990
150 73 25006
150 73 25007
150 73 25008
150 73 25011
150 73 25013
150 73 25021
150 73 25030
150 73 25045
150 73 25069
150 73 25086
150 73 25088
150 73 25098
150 73 25101
150 73 25124
150 73 25130
150 73 25137
150 73 25148
150 73 25156
150 73 25203
150 73 25207
150 73 25218
150 73 25286
150 73 25288
150 73 25289
150 73 25298
150 73 25306
150 73 25313
150 73 25332
150 73 25350
150 73 25354
150 73 25357
150 73 25363
150 73 25379
150 73 25381
150 73 25382
150 73 25396
150 73 25412
150 73 25433
150 73 25435
150 73 25436
150 73 25439
150 73 25458
150 73 25464
150 73 25472
150 73 25487
150 73 25500
150 73 25506
150 73 25514
150 73 25523
150 73 25532
150 73 25537
150 73 25539
150 73 25561
150 73 25566
150 73 25568
150 73 25582
150 73 25583
150 73 25595
150 73 25620
150 73 25627
150 73 25638
150 73 25645
150 73 25646
150 73 25650
150 73 25661
150 73 25665
150 73 25674
150 73 25679
150 73 25683
150 73 25712
150 73 25718
150 73 25741
150 73 25746
150 73 25757
150 73 25759
150 73 25762
150 73 25771
150 73 25774
150 73 25785
150 73 25789
150 73 25793
150 73 25805
150 73 25823
150 73 25831
150 73 25860
150 73 25863
150 73 25875
150 73 25901
150 73 25904
150 73 25911
150 73 25912
150 73 25936
150 73 25942
150 73 25964
150 73 25965
150 73 25981
150 73 25985
150 73 26004
150 73 26042
150 73 26059
150 73 26063
150 73 26072
150 73 26103
150 73 26117
150 73 26131
150 73 26138
150 73 26140
150 73 26141
150 73 26142
150 73 26144
150 73 26154
150 73 26157
150 73 26180
150 73 26200
150 73 26217
150 73 26259
150 73 26303
150 73 26320
150 73 26328
150 73 26335
150 73 26338
150 73 26357
150 73 26373
150 73 26390
150 73 26392
150 73 26399
150 73 26411
150 73 26425
150 73 26466
150 73 26470
150 73 26474
150 73 26485
150 73 26509
150 73 26513
150 73 26514
150 73 26517
150 73 26542
150 73 26545
150 73 26549
150 73 26553
150 73 26554
150 73 26572
150 73 26577
150 73 26590
150 73 26595
150 73 26602
150 73 26619
150 73 26627
150 73 26647
150 73 26662
150 73 26665
150 73 26674
150 73 26677
150 73 26678
150 73 26692
150 73 26694
150 73 26696
150 73 26703
150 73 26709
150 73 26787
150 73 26797
150 73 26798
150 73 26799
150 73 26810
150 73 26840
150 73 26842
150 73 26853
150 73 26864
150 73 26880
150 73 26906
150 73 26917
150 73 26919
150 73 26923
150 73 26925
150 73 26955
150 73 26959
150 73 26970
150 73 26972
150 73 26992
150 73 27007
150 73 27015
150 73 27021
150 73 27026
150 73 27028
150 73 27036
150 73 27041
150 73 27051
150 73 27059
150 73 27063
150 73 27078
150 73 27125
150 73 27147
150 73 27151
150 73 27154
150 73 27161
150 73 27170
150 73 27172
150 73 27173
150 73 27179
150 73 27183
150 73 27192
150 73 27195
150 73 27215
150 73 27230
150 73 27234
150 73 27241
150 73 27260
150 73 27292
150 73 27294
150 73 27295
150 73 27303
150 73 27311
150 73 27321
150 73 27326
150 73 27328
150 73 27345
150 73 27402
150 73 27411
150 73 27434
150 73 27438
150 73 27467
150 73 27476
150 73 27482
150 73 27487
150 73 27490
150 73 27499
150 73 27501
150 73 27513
150 73 27517
150 73 27536
150 73 27558
150 73 27560
150 73 27562
150 73 27568
150 73 27571
150 73 27575
150 73 27595
150 73 27647
150 73 27658
150 73 27665
150 73 27675
150 73 27676
150 73 27677
150 73 27680
150 73 27686
150 73 27687
150 73 27688
150 73 27690
150 73 27714
150 73 27727
150 73 27733
150 73 27767
150 73 27782
150 73 27787
150 73 27791
150 73 27795
150 73 27853
150 73 27881
150 73 27891
150 73 27905
150 73 27916
150 73 27921
150 73 27924
150 73 27943
150 73 27954
150 73 27980
150 73 28005
150 73 28006
150 73 28007
150 73 28015
150 73 28020
150 73 28027
150 73 28034
150 73 28093
150 73 28095
150 73 28107
150 73 28155
150 73 28164
150 73 28171
150 73 28180
150 73 28202
150 73 28206
150 73 28209
150 73 28221
150 73 28222
150 73 28225
150 73 28232
150 73 28233
150 73 28236
150 73 28249
150 73 28257
150 73 28266
150 73 28267
150 73 28273
150 73 28310
150 73 28315
150 73 28330
150 73 28365
150 73 28372
150 73 28375
150 73 28441
150 73 28457
150 73 28459
150 73 28470
150 73 28471
150 73 28497
150 73 28502
150 73 28527
150 73 28536
150 73 28537
150 73 28552
150 73 28555
150 73 28558
150 73 28583
150 73 28601
150 73 28610
150 73 28622
150 73 28625
150 73 28660
150 73 28683
150 73 28684
150 73 28701
150 73 28716
150 73 28728
150 73 28734
150 73 28742
150 73 28776
150 73 28788
150 73 28791
150 73 28792
150 73 28796
150 73 28797
150 73 28814
150 73 28828
150 73 28859
150 73 28867
150 73 28915
150 73 28965
150 73 28979
150 73 28982
150 73 28995
150 73 29014
150 73 29019
150 73 29049
150 73 29070
150 73 29080
150 73 29083
150 73 29132
150 73 29138
150 73 29151
150 73 29162
150 73 29182
150 73 29185
150 73 29186
150 73 29197
150 73 29201
150 73 29202
150 73 29222
150 73 29226
150 73 29262
150 73 29284
150 73 29297
150 73 29312
150 73 29321
150 73 29360
150 73 29371
150 73 29374
150 73 29396
150 73 29400
150 73 29408
150 73 29410
150 73 29412
150 73 29419
150 73 29427
150 73 29430
150 73 29432
150 73 29436
150 73 29446
150 73 29447
150 73 29452
150 73 29456
150 73 29466
150 73 29492
150 73 29521
150 73 29524
150 73 29537
150 73 29570
150 73 29578
150 73 29592
150 73 29598
150 73 29635
150 73 29651
150 73 29663
150 73 29667
150 73 29677
150 73 29689
150 73 29719
150 73 29732
150 73 29762
150 73 29775
150 73 29789
150 73 29795
150 73 29797
150 73 29828
150 73 29896
150 73 29908
150 73 29919
150 73 29952
150 73 29965
150 73 29981
150 73 30001
150 73 30027
150 73 30029
150 73 30062
150 73 30066
150 73 30079
150 73 30081
150 73 30112
150 73 30131
150 73 30158
150 73 30184
150 73 30188
150 73 30200
150 73 30202
150 73 30208
150 73 30216
150 73 30218
150 73 30219
150 73 30237
150 73 30274
150 73 30299
150 73 30309
150 73 30350
150 73 30393
150 73 30413
150 73 30437
150 73 30456
150 73 30488
150 73 30496
150 73 30550
150 73 30555
150 73 30559
150 73 30560
150 73 30580
150 73 30606
150 73 30658
150 73 30733
150 73 30741
150 73 30766
150 73 30772
150 73 30781
150 73 30790
150 73 30793
150 73 30824
150 73 30832
150 73 30884
150 73 30886
150 73 30888
150 73 30903
150 73 30916
150 73 30918
150 73 30919
150 73 30965
150 73 30970
150 73 30981
150 73 30988
150 73 31018
150 73 31041
150 73 31064
150 73 31067
150 73 31070
150 73 31089
150 73 31091
150 73 31099
150 73 31120
150 73 31124
150 73 31127
150 73 31135
150 73 31145
150 73 31148
150 73 31151
150 73 31167
150 73 31172
150 73 31199
150 73 31220
150 73 31222
150 73 31232
150 73 31242
150 73 31293
150 73 31300
150 73 31308
150 73 31325
150 73 31329
150 73 31330
150 73 31351
150 73 31368
150 73 31369
150 73 31391
150 73 31395
150 73 31413
150 73 31434
150 73 31439
150 73 31492
150 73 31497
150 73 31507
150 73 31530
150 73 31563
150 73 31584
150 73 31612
150 73 31618
150 73 31637
150 73 31653
150 73 31655
150 73 31669
150 73 31702
150 73 31709
150 73 31775
150 73 31802
150 73 31808
150 73 31817
150 73 31822
150 73 31829
150 73 31851
150 73 31878
150 73 31906
150 73 31921
150 73 31933
150 73 31963
150 73 32010
150 73 32045
150 73 32064
150 73 32070
150 73 32072
150 73 32079
150 73 32109
150 73 32115
150 73 32127
150 73 32146
150 73 32149
150 73 32154
150 73 32155
150 73 32170
150 73 32180
150 73 32181
150 73 32200
150 73 32248
150 73 32260
150 73 32301
150 73 32311
150 73 32320
150 73 32353
150 73 32356
150 73 32360
150 73 32384
150 73 32386
150 73 32387
150 73 32395
150 73 32397
150 73 32401
150 73 32410
150 73 32425
150 73 32426
150 73 32474
150 73 32477
150 73 32495
150 73 32496
150 73 32512
150 73 32516
150 73 32519
150 73 32521
150 73 32554
150 73 32560
150 73 32608
150 73 32610
150 73 32611
150 73 32628
150 73 32689
150 73 32695
150 73 32704
150 73 32706
150 73 32724
150 73 32727
150 73 32804
150 73 32853
150 73 32859
150 73 32878
150 73 32879
150 73 32881
150 73 32896
150 73 32921
150 73 32933
150 73 32934
150 73 32951
150 73 32957
150 73 32975
150 73 32983
150 73 32996
150 73 32998
150 73 33018
150 73 33020
150 73 33089
150 73 33095
150 73 33099
150 73 33105
150 73 33111
150 73 33128
150 73 33133
150 73 33152
150 73 33217
150 73 33221
150 73 33226
150 73 33242
150 73 33250
150 73 33266
150 73 33276
150 73 33279
150 73 33286
150 73 33311
150 73 33337
150 73 33356
150 73 33405
150 73 33427
150 73 33436
150 73 33444
150 73 33456
150 73 33462
150 73 33478
150 73 33511
150 73 33544
150 73 33555
150 73 33564
150 73 33567
150 73 33584
150 73 33600
150 73 33621
150 73 33642
150 73 33680
150 73 33684
150 73 33689
150 73 33720
150 73 33727
150 73 33729
150 73 33789
150 73 33794
150 73 33801
150 73 33812
150 73 33831
150 73 33845
150 73 33873
150 73 33877
150 73 33881
150 73 33888
150 73 33903
150 73 33972
150 73 33980
150 73 33999
150 73 34038
150 73 34046
150 73 34055
150 73 34071
150 73 34085
150 73 34098
150 73 34102
150 73 34118
150 73 34121
150 73 34134
150 73 34153
150 73 34171
150 73 34185
150 73 34186
150 73 34198
150 73 34200
150 73 34222
150 73 34241
150 73 34248
150 73 34253
150 73 34298
150 73 34325
150 73 34328
150 73 34374
150 73 34386
150 73 34390
150 73 34396
150 73 34419
150 73 34430
150 73 34440
150 73 34457
150 73 34495
150 73 34501
150 73 34522
150 73 34564
150 73 34573
150 73 34581
150 73 34587
150 73 34591
150 73 34620
150 73 34661
150 73 34669
150 73 34688
150 73 34692
150 73 34701
150 73 34755
150 73 34802
150 73 34805
150 73 34820
150 73 34821
150 73 34826
150 73 34848
150 73 34866
150 73 34867
150 73 34872
150 73 34881
150 73 34898
150 73 34924
150 73 34926
150 73 34948
150 73 34969
150 73 34987
150 73 34991
150 73 34997
150 73 35012
150 73 35027
150 73 35031
150 73 35038
150 73 35058
150 73 35066
150 73 35067
150 73 35069
150 73 35085
150 73 35120
150 73 35132
150 73 35173
150 73 35174
150 73 35175
150 73 35178
150 73 35220
150 73 35227
150 73 35234
150 73 35240
150 73 35244
150 73 35267
150 73 35323
150 73 35325
150 73 35330
150 73 35338
150 73 35347
150 73 35357
150 73 35364
150 73 35366
150 73 35398
150 73 35404
150 73 35414
150 73 35416
150 73 35428
150 73 35434
150 73 35448
150 73 35449
150 73 35456
150 73 35509
150 73 35518
150 73 35519
150 73 35524
150 73 35532
150 73 35553
150 73 35556
150 73 35576
150 73 35580
150 73 35621
150 73 35632
150 73 35656
150 73 35660
150 73 35661
150 73 35662
150 73 35670
150 73 35686
150 73 35703
150 73 35707
150 73 35711
150 73 35713
150 73 35718
150 73 35729
150 73 35756
150 73 35776
150 73 35781
150 73 35790
150 73 35793
150 73 35799
150 73 35826
150 73 35833
150 73 35855
150 73 35877
150 73 35885
150 73 35890
150 73 35918
150 73 35938
150 73 35955
150 73 35968
150 73 35987
150 73 35993
150 73 36035
150 73 36047
150 73 36050
150 73 36051
150 73 36072
150 73 36085
150 73 36108
150 73 36131
150 73 36134
150 73 36137
150 73 36144
150 73 36224
150 73 36250
150 73 36257
150 73 36326
150 73 36341
150 73 36345
150 73 36381
150 73 36402
150 73 36407
150 73 36447
150 73 36449
150 73 36453
150 73 36480
150 73 36503
150 73 36513
150 73 36520
150 73 36550
150 73 36551
150 73 36559
150 73 36560
150 73 36570
150 73 36576
150 73 36601
150 73 36604
150 73 36623
150 73 36634
150 73 36638
150 73 36642
150 73 36675
150 73 36690
150 73 36701
150 73 36705
150 73 36706
150 73 36709
150 73 36714
150 73 36720
150 73 36736
150 73 36752
150 73 36757
150 73 36758
150 73 36767
150 73 36786
150 73 36831
150 73 36906
150 73 36909
150 73 36926
150 73 36929
150 73 36935
150 73 36938
150 73 36946
150 73 36949
150 73 36995
150 73 37001
150 73 37006
150 73 37012
150 73 37021
150 73 37027
150 73 37029
150 73 37052
150 73 37054
150 73 37070
150 73 37081
150 73 37084
150 73 37091
150 73 37098
150 73 37103
150 73 37131
150 73 37134
150 73 37158
150 73 37165
150 73 37166
150 73 37196
150 73 37211
150 73 37213
150 73 37215
150 73 37242
150 73 37274
150 73 37276
150 73 37290
150 73 37304
150 73 37311
150 73 37332
150 73 37334
150 73 37347
150 73 37355
150 73 37394
150 73 37403
150 73 37427
150 73 37433
150 73 37461
150 73 37473
150 73 37499
150 73 37514
150 73 37521
150 73 37524
150 73 37533
150 73 37536
150 73 37537
150 73 37553
150 73 37602
150 73 37657
150 73 37660
150 73 37665
150 73 37698
150 73 37717
150 73 37727
150 73 37744
150 73 37760
150 73 37776
150 73 37790
150 73 37793
150 73 37795
150 73 37799
150 73 37801
150 73 37811
150 73 37817
150 73 37831
150 73 37859
150 73 37872
150 73 37878
150 73 37896
150 73 37905
150 73 37955
150 73 37970
150 73 37971
150 73 37992
150 73 38001
150 73 38008
150 73 38010
150 73 38011
150 73 38028
150 73 38032
150 73 38044
150 73 38055
150 73 38068
150 73 38069
150 73 38135
150 73 38169
150 73 38175
150 73 38176
150 73 38209
150 73 38219
150 73 38220
150 73 38222
150 73 38254
150 73 38261
150 73 38262
150 73 38265
150 73 38279
150 73 38318
150 73 38326
150 73 38343
150 73 38411
150 73 38439
150 73 38450
150 73 38454
150 73 38482
150 73 38491
150 73 38492
150 73 38501
150 73 38520
150 73 38561
150 73 38569
150 73 38579
150 73 38588
150 73 38596
150 73 38598
150 73 38601
150 73 38630
150 73 38636
150 73 38651
150 73 38660
150 73 38667
150 73 38679
150 73 38716
150 73 38740
150 73 38749
150 73 38751
150 73 38780
150 73 38781
150 73 38782
150 73 38791
150 73 38799
150 73 38811
150 73 38853
150 73 38854
150 73 38858
150 73 38863
150 73 38888
150 73 38894
150 73 38901
150 73 38916
150 73 38926
150 73 38944
150 73 38958
150 73 38978
150 73 38982
150 73 39003
150 73 39049
150 73 39066
150 73 39091
150 73 39121
150 73 39124
150 73 39127
150 73 39149
150 73 39151
150 73 39163
150 73 39173
150 73 39194
150 73 39204
150 73 39222
150 73 39229
150 73 39272
150 73 39294
150 73 39309
150 73 39310
150 73 39316
150 73 39326
150 73 39329
150 73 39334
150 73 39356
150 73 39367
150 73 39376
150 73 39384
150 73 39407
150 73 39409
150 73 39433
150 73 39473
150 73 39475
150 73 39489
150 73 39492
150 73 39502
150 73 39510
150 73 39516
150 73 39527
150 73 39567
150 73 39587
150 73 39598
150 73 39599
150 73 39607
150 73 39630
150 73 39632
150 73 39649
150 73 39655
150 73 39664
150 73 39668
150 73 39671
150 73 39702
150 73 39708
150 73 39724
150 73 39730
150 73 39731
150 73 39732
150 73 39733
150 73 39766
150 73 39790
150 73 39795
150 73 39797
150 73 39801
150 73 39832
150 73 39840
150 73 39848
150 73 39852
150 73 39854
150 73 39866
150 73 39884
150 73 39907
150 73 39909
150 73 39917
150 73 39938
150 73 39953
150 73 39960
150 73 39973
150 73 39976
150 73 39980
150 73 39989
150 73 40002
150 73 40009
150 73 40030
150 73 40038
150 73 40042
150 73 40045
150 73 40089
150 73 40090
150 73 40099
150 73 40102
150 73 40128
150 73 40148
150 73 40155
150 73 40160
150 73 40162
150 73 40172
150 73 40174
150 73 40178
150 73 40207
150 73 40213
150 73 40215
150 73 40255
150 73 40273
150 73 40277
150 73 40279
150 73 40284
150 73 40293
150 73 40295
150 73 40310
150 73 40402
150 73 40418
150 73 40428
150 73 40451
150 73 40461
150 73 40485
150 73 40487
150 73 40525
150 73 40527
150 73 40532
150 73 40540
150 73 40546
150 73 40547
150 73 40563
150 73 40568
150 73 40572
150 73 40591
150 73 40593
150 73 40594
150 73 40602
150 73 40618
150 73 40638
150 73 40655
150 73 40658
150 73 40673
150 73 40680
150 73 40686
150 73 40704
150 73 40711
150 73 40721
150 73 40730
150 73 40743
150 73 40767
150 73 40770
150 73 40789
150 73 40798
150 73 40801
150 73 40804
150 73 40807
150 73 40823
150 73 40826
150 73 40846
150 73 40854
150 73 40882
150 73 40887
150 73 40909
150 73 40913
150 73 40928
150 73 40997
150 73 40998
150 73 41001
150 73 41023
150 73 41028
150 73 41042
150 73 41049
150 73 41056
150 73 41085
150 73 41090
150 73 41097
150 73 41124
150 73 41165
150 73 41188
150 73 41204
150 73 41228
150 73 41256
150 73 41263
150 73 41273
150 73 41281
150 73 41283
150 73 41292
150 73 41298
150 73 41300
150 73 41316
150 73 41317
150 73 41332
150 73 41345
150 73 41349
150 73 41355
150 73 41365
150 73 41372
150 73 41382
150 73 41383
150 73 41428
150 73 41430
150 73 41471
150 73 41472
150 73 41478
150 73 41487
150 73 41490
150 73 41497
150 73 41522
150 73 41538
150 73 41540
150 73 41562
150 73 41564
150 73 41572
150 73 41579
150 73 41584
150 73 41585
150 73 41600
150 73 41603
150 73 41608
150 73 41615
150 73 41621
150 73 41640
150 73 41653
150 73 41655
150 73 41663
150 73 41664
150 73 41668
150 73 41671
150 73 41682
150 73 41688
150 73 41704
150 73 41725
150 73 41743
150 73 41759
150 73 41776
150 73 41790
150 73 41806
150 73 41820
150 73 41870
150 73 41871
150 73 41879
150 73 41899
150 73 41939
150 73 41942
150 73 41945
150 73 41953
150 73 41965
150 73 41978
150 73 41982
150 73 41996
150 73 42001
150 73 42004
150 73 42031
150 73 42039
150 73 42043
150 73 42052
150 73 42061
150 73 42070
150 73 42071
150 73 42099
150 73 42103
150 73 42105
150 73 42109
150 73 42146
150 73 42165
150 73 42193
150 73 42197
150 73 42203
150 73 42207
150 73 42228
150 73 42240
150 73 42242
150 73 42243
150 73 42254
150 73 42275
150 73 42298
150 73 42300
150 73 42304
150 73 42310
150 73 42320
150 73 42340
150 73 42384
150 73 42390
150 73 42392
150 73 42393
150 73 42407
150 73 42408
150 73 42439
150 73 42440
150 73 42459
150 73 42461
150 73 42468
150 73 42476
150 73 42502
150 73 42509
150 73 42528
150 73 42529
150 73 42570
150 73 42574
150 73 42576
150 73 42589
150 73 42590
150 73 42596
150 73 42599
150 73 42616
150 73 42644
150 73 42685
150 73 42690
150 73 42702
150 73 42738
150 73 42742
150 73 42749
150 73 42760
150 73 42764
150 73 42766
150 73 42793
150 73 42795
150 73 42849
150 73 42860
150 73 42863
150 73 42891
150 73 42898
150 73 42903
150 73 42927
150 73 42930
150 73 42933
150 73 42941
150 73 42964
150 73 42981
150 73 42982
150 73 42983
150 73 42984
150 73 43020
150 73 43054
150 73 43066
150 73 43078
150 73 43101
150 73 43111
150 73 43116
150 73 43123
150 73 43145
150 73 43146
150 73 43153
150 73 43194
150 73 43228
150 73 43230
150 73 43237
150 73 43240
150 73 43252
150 73 43254
150 73 43255
150 73 43276
150 73 43281
150 73 43282
150 73 43284
150 73 43298
150 73 43342
150 73 43366
150 73 43367
150 73 43371
150 73 43376
150 73 43399
150 73 43414
150 73 43420
150 73 43427
150 73 43492
150 73 43503
150 73 43511
150 73 43524
150 73 43527
150 73 43528
150 73 43539
150 73 43547
150 73 43555
150 73 43561
150 73 43671
150 73 43676
150 73 43688
150 73 43717
150 73 43739
150 73 43747
150 73 43768
150 73 43779
150 73 43789
150 73 43790
150 73 43794
150 73 43819
150 73 43822
150 73 43832
150 73 43844
150 73 43859
150 73 43864
150 73 43889
150 73 43892
150 73 43911
150 73 43913
150 73 43919
150 73 43925
150 73 43934
150 73 43937
150 73 43940
150 73 43946
150 73 43952
150 73 43965
150 73 43974
150 73 43977
150 73 43991
150 73 43992
150 73 44040
150 73 44051
150 73 44054
150 73 44079
150 73 44083
150 73 44100
150 73 44105
150 73 44112
150 73 44125
150 73 44159
150 73 44174
150 73 44201
150 73 44204
150 73 44241
150 73 44270
150 73 44273
150 73 44285
150 73 44310
150 73 44313
150 73 44326
150 73 44342
150 73 44355
150 73 44369
150 73 44406
150 73 44418
150 73 44454
150 73 44526
150 73 44536
150 73 44545
150 73 44552
150 73 44553
150 73 44555
150 73 44558
150 73 44584
150 73 44600
150 73 44604
150 73 44618
150 73 44624
150 73 44632
150 73 44662
150 73 44665
150 73 44666
150 73 44678
150 73 44699
150 73 44707
150 73 44714
150 73 44718
150 73 44720
150 73 44721
150 73 44732
150 73 44739
150 73 44740
150 73 44744
150 73 44760
150 73 44777
150 73 44778
150 73 44793
150 73 44824
150 73 44831
150 73 44834
150 73 44875
150 73 44881
150 73 44899
150 73 44905
150 73 44952
150 73 45010
150 73 45019
150 73 45051
150 73 45102
150 73 45104
150 73 45105
150 73 45122
150 73 45128
150 73 45145
150 73 45155
150 73 45158
150 73 45165
150 73 45175
150 73 45188
150 73 45217
150 73 45224
150 73 45227
150 73 45239
150 73 45285
150 73 45287
150 73 45298
150 73 45348
150 73 45404
150 73 45430
150 73 45433
150 73 45465
150 73 45475
150 73 45477
150 73 45483
150 73 45486
150 73 45489
150 73 45490
150 73 45514
150 73 45536
150 73 45551
150 73 45569
150 73 45577
150 73 45579
150 73 45592
150 73 45602
150 73 45606
150 73 45614
150 73 45616
150 73 45621
150 73 45638
150 73 45645
150 73 45654
150 73 45666
150 73 45677
150 73 45685
150 73 45703
150 73 45721
150 73 45758
150 73 45776
150 73 45782
150 73 45811
150 73 45836
150 73 45846
150 73 45848
150 73 45851
150 73 45880
150 73 45888
150 73 45923
150 73 45927
150 73 45955
150 73 45964
150 73 45977
150 73 45983
150 73 45986
150 73 45997
150 73 45998
150 73 46016
150 73 46033
150 73 46052
150 73 46059
150 73 46060
150 73 46063
150 73 46082
150 73 46092
150 73 46102
150 73 46114
150 73 46125
150 73 46134
150 73 46138
150 73 46156
150 73 46162
150 73 46202
150 73 46213
150 73 46217
150 73 46244
150 73 46261
150 73 46265
150 73 46269
150 73 46277
150 73 46279
150 73 46287
150 73 46300
150 73 46315
150 73 46326
150 73 46335
150 73 46340
150 73 46347
150 73 46358
150 73 46368
150 73 46381
150 73 46388
150 73 46417
150 73 46429
150 73 46431
150 73 46436
150 73 46439
150 73 46442
150 73 46451
150 73 46455
150 73 46459
150 73 46463
150 73 46478
150 73 46488
150 73 46502
150 73 46513
150 73 46520
150 73 46540
150 73 46544
150 73 46558
150 73 46575
150 73 46601
150 73 46605
150 73 46611
150 73 46634
150 73 46682
150 73 46683
150 73 46714
150 73 46731
150 73 46787
150 73 46818
150 73 46819
150 73 46845
150 73 46858
150 73 46875
150 73 46879
150 73 46883
150 73 46897
150 73 46899
150 73 46929
150 73 46953
150 73 46978
150 73 46997
150 73 47021
150 73 47024
150 73 47040
150 73 47042
150 73 47052
150 73 47066
150 73 47067
150 73 47082
150 73 47095
150 73 47099
150 73 47106
150 73 47127
150 73 47129
150 73 47131
150 73 47141
150 73 47171
150 73 47174
150 73 47182
150 73 47191
150 73 47206
150 73 47212
150 73 47238
150 73 47242
150 73 47259
150 73 47261
150 73 47272
150 73 47283
150 73 47290
150 73 47304
150 73 47311
150 73 47314
150 73 47325
150 73 47328
150 73 47336
150 73 47345
150 73 47352
150 73 47355
150 73 47356
150 73 47361
150 73 47364
150 73 47369
150 73 47378
150 73 47388
150 73 47409
150 73 47413
150 73 47432
150 73 47473
150 73 47483
150 73 47484
150 73 47491
150 73 47516
150 73 47547
150 73 47550
150 73 47563
150 73 47565
150 73 47572
150 73 47580
150 73 47593
150 73 47603
150 73 47617
150 73 47623
150 73 47626
150 73 47632
150 73 47665
150 73 47671
150 73 47672
150 73 47684
150 73 47693
150 73 47710
150 73 47739
150 73 47748
150 73 47764
150 73 47808
150 73 47818
150 73 47834
150 73 47840
150 73 47868
150 73 47870
150 73 47898
150 73 47927
150 73 47933
150 73 47936
150 73 47946
150 73 47949
150 73 47962
150 73 47977
150 73 47982
150 73 47990
150 73 47997
150 73 47998
150 73 48008
150 73 48011
150 73 48012
150 73 48020
150 73 48023
150 73 48024
150 73 48042
150 73 48061
150 73 48089
150 73 48092
150 73 48105
150 73 48114
150 73 48116
150 73 48127
150 73 48129
150 73 48132
150 73 48146
150 73 48168
150 73 48212
150 73 48249
150 73 48263
150 73 48289
150 73 48297
150 73 48315
150 73 48316
150 73 48319
150 73 48325
150 73 48326
150 73 48328
150 73 48347
150 73 48350
150 73 48359
150 73 48382
150 73 48396
150 73 48399
150 73 48406
150 73 48433
150 73 48441
150 73 48492
150 73 48537
150 73 48563
150 73 48570
150 73 48573
150 73 48586
150 73 48594
150 73 48598
150 73 48602
150 73 48608
150 73 48618
150 73 48620
150 73 48621
150 73 48628
150 73 48637
150 73 48645
150 73 48654
150 73 48673
150 73 48697
150 73 48726
150 73 48730
150 73 48738
150 73 48742
150 73 48743
150 73 48762
150 73 48765
150 73 48777
150 73 48794
150 73 48856
150 73 48857
150 73 48867
150 73 48892
150 73 48895
150 73 48913
150 73 48914
150 73 48916
150 73 48919
150 73 48932
150 73 48945
150 73 48948
150 73 48952
150 73 48957
150 73 48958
150 73 48960
150 73 48979
150 73 48986
150 73 49024
150 73 49045
150 73 49049
150 73 49076
150 73 49110
150 73 49120
150 73 49142
150 73 49147
150 73 49158
150 73 49163
150 73 49168
150 73 49173
150 73 49202
150 73 49212
150 73 49214
150 73 49221
150 73 49237
150 73 49243
150 73 49244
150 73 49257
150 73 49261
150 73 49265
150 73 49284
150 73 49309
150 73 49310
150 73 49317
150 73 49321
150 73 49342
150 73 49353
150 73 49357
150 73 49358
150 73 49379
150 73 49389
150 73 49396
150 73 49397
150 73 49426
150 73 49440
150 73 49443
150 73 49466
150 73 49474
150 73 49477
150 73 49504
150 73 49541
150 73 49543
150 73 49579
150 73 49588
150 73 49615
150 73 49631
150 73 49634
150 73 49635
150 73 49648
150 73 49672
150 73 49680
150 73 49696
150 73 49701
150 73 49750
150 73 49823
150 73 49833
150 73 49844
150 73 49869
150 73 49870
150 73 49872
150 73 49880
150 73 49905
150 73 49906
150 73 49958
150 73 49991
150 73 49999
150 73 50009
150 73 50012
150 73 50050
150 73 50052
150 73 50066
150 73 50081
150 73 50101
150 73 50131
150 73 50147
150 73 50159
150 73 50210
150 73 50238
150 73 50263
150 73 50264
150 73 50271
150 73 50273
150 73 50277
150 73 50278
150 73 50293
150 73 50301
150 73 50306
150 73 50394
150 73 50406
150 73 50419
150 73 50471
150 73 50476
150 73 50498
150 73 50503
150 73 50505
150 73 50509
150 73 50524
150 73 50527
150 73 50535
150 73 50544
150 73 50555
150 73 50583
150 73 50618
150 73 50626
150 73 50628
150 73 50634
150 73 50642
150 73 50656
150 73 50666
150 73 50676
150 73 50692
150 73 50699
150 73 50702
150 73 50707
150 73 50711
150 73 50717
150 73 50723
150 73 50727
150 73 50738
150 73 50773
150 73 50775
150 73 50817
150 73 50819
150 73 50855
150 73 50858
150 73 50879
150 73 50902
150 73 50908
150 73 50924
150 73 50971
150 73 50972
150 73 51009
150 73 51010
150 73 51015
150 73 51053
150 73 51071
150 73 51080
150 73 51131
150 73 51134
150 73 51149
150 73 51151
150 73 51163
150 73 51170
150 73 51171
150 73 51184
150 73 51204
150 73 51231
150 73 51266
150 73 51274
150 73 51285
150 73 51286
150 73 51318
150 73 51323
150 73 51340
150 73 51363
150 73 51369
150 73 51373
150 73 51374
150 73 51378
150 73 51392
150 73 51393
150 73 51398
150 73 51404
150 73 51421
150 73 51444
150 73 51451
150 73 51490
150 73 51491
150 73 51500
150 73 51501
150 73 51502
150 73 51507
150 73 51514
150 73 51556
150 73 51565
150 73 51574
150 73 51592
150 73 51594
150 73 51618
150 73 51627
150 73 51642
150 73 51648
150 73 51659
150 73 51663
150 73 51697
150 73 51714
150 73 51725
150 73 51746
150 73 51760
150 73 51780
150 73 51787
150 73 51792
150 73 51823
150 73 51829
150 73 51855
150 73 51861
150 73 51880
150 73 51909
150 73 51919
150 73 51923
150 73 51930
150 73 51936
150 73 51953
150 73 51960
150 73 51966
150 73 51995
150 73 52001
150 73 52026
150 73 52035
150 73 52072
150 73 52092
150 73 52104
150 73 52106
150 73 52133
150 73 52160
150 73 52165
150 73 52166
150 73 52179
150 73 52182
150 73 52183
150 73 52189
150 73 52209
150 73 52215
150 73 52238
150 73 52258
150 73 52260
150 73 52261
150 73 52283
150 73 52296
150 73 52297
150 73 52330
150 73 52373
150 73 52379
150 73 52380
150 73 52386
150 73 52396
150 73 52405
150 73 52412
150 73 52418
150 73 52441
150 73 52458
150 73 52482
150 73 52488
150 73 52499
150 73 52500
150 73 52505
150 73 52514
150 73 52521
150 73 52526
150 73 52541
150 73 52549
150 73 52553
150 73 52556
150 73 52562
150 73 52565
150 73 52570
150 73 52581
150 73 52596
150 73 52618
150 73 52627
150 73 52641
150 73 52659
150 73 52692
150 73 52694
150 73 52711
150 73 52715
150 73 52748
150 73 52752
150 73 52761
150 73 52786
150 73 52790
150 73 52796
150 73 52800
150 73 52803
150 73 52805
150 73 52809
150 73 52816
150 73 52838
150 73 52866
150 73 52870
150 73 52890
150 73 52891
150 73 52895
150 73 52896
150 73 52899
150 73 52971
150 73 52999
150 73 53020
150 73 53042
150 73 53046
150 73 53048
150 73 53138
150 73 53143
150 73 53151
150 73 53154
150 73 53171
150 73 53178
150 73 53182
150 73 53213
150 73 53226
150 73 53233
150 73 53249
150 73 53274
150 73 53283
150 73 53288
150 73 53313
150 73 53321
150 73 53348
150 73 53367
150 73 53375
150 73 53392
150 73 53425
150 73 53433
150 73 53445
150 73 53456
150 73 53465
150 73 53469
150 73 53479
150 73 53482
150 73 53525
150 73 53528
150 73 53563
150 73 53571
150 73 53586
150 73 53590
150 73 53619
150 73 53621
150 73 53625
150 73 53628
150 73 53630
150 73 53635
150 73 53645
150 73 53654
150 73 53662
150 73 53679
150 73 53695
150 73 53718
150 73 53720
150 73 53721
150 73 53755
150 73 53766
150 73 53771
150 73 53786
150 73 53819
150 73 53836
150 73 53837
150 73 53875
150 73 53906
150 73 53937
150 73 53964
150 73 53968
150 73 53988
150 73 54002
150 73 54011
150 73 54025
150 73 54044
150 73 54060
150 73 54070
150 73 54099
150 73 54118
150 73 54129
150 73 54192
150 73 54207
150 73 54211
150 73 54221
150 73 54277
150 73 54301
150 73 54309
150 73 54329
150 73 54339
150 73 54348
150 73 54356
150 73 54396
150 73 54404
150 73 54408
150 73 54424
150 73 54470
150 73 54490
150 73 54494
150 73 54510
150 73 54524
150 73 54568
150 73 54579
150 73 54592
150 73 54610
150 73 54648
150 73 54684
150 73 54703
150 73 54718
150 73 54729
150 73 54732
150 73 54765
150 73 54767
150 73 54783
150 73 54792
150 73 54804
150 73 54841
150 73 54848
150 73 54856
150 73 54862
150 73 54864
150 73 54873
150 73 54887
150 73 54891
150 73 54903
150 73 54905
150 73 54916
150 73 54939
150 73 54945
150 73 54969
150 73 54975
150 73 54978
150 73 54993
150 73 54997
150 73 54998
150 73 55007
150 73 55053
150 73 55056
150 73 55064
150 73 55070
150 73 55073
150 73 55137
150 73 55139
150 73 55157
150 73 55183
150 73 55197
150 73 55198
150 73 55212
150 73 55270
150 73 55283
150 73 55305
150 73 55312
150 73 55326
150 73 55329
150 73 55370
150 73 55373
150 73 55385
150 73 55393
150 73 55395
150 73 55418
150 73 55453
150 73 55460
150 73 55469
150 73 55470
150 73 55471
150 73 55495
150 73 55508
150 73 55521
150 73 55536
150 73 55546
150 73 55553
150 73 55556
150 73 55605
150 73 55610
150 73 55644
150 73 55663
150 73 55695
150 73 55711
150 73 55718
150 73 55723
150 73 55725
150 73 55730
150 73 55734
150 73 55752
150 73 55773
150 73 55775
150 73 55821
150 73 55829
150 73 55835
150 73 55858
150 73 55868
150 73 55881
150 73 55934
150 73 55943
150 73 55963
150 73 55989
150 73 56006
150 73 56007
150 73 56014
150 73 56035
150 73 56054
150 73 56080
150 73 56135
150 73 56136
150 73 56142
150 73 56147
150 73 56157
150 73 56161
150 73 56169
150 73 56208
150 73 56215
150 73 56230
150 73 56275
150 73 56286
150 73 56288
150 73 56327
150 73 56333
150 73 56365
150 73 56387
150 73 56390
150 73 56414
150 73 56439
150 73 56441
150 73 56442
150 73 56443
150 73 56449
150 73 56455
150 73 56466
150 73 56471
150 73 56511
150 73 56513
150 73 56544
150 73 56549
150 73 56560
150 73 56580
150 73 56592
150 73 56598
150 73 56616
150 73 56629
150 73 56636
150 73 56637
150 73 56642
150 73 56653
150 73 56669
150 73 56670
150 73 56699
150 73 56710
150 73 56722
150 73 56728
150 73 56730
150 73 56732
150 73 56750
150 73 56779
150 73 56782
150 73 56802
150 73 56813
150 73 56837
150 73 56839
150 73 56843
150 73 56853
150 73 56870
150 73 56877
150 73 56890
150 73 56895
150 73 56910
150 73 56940
150 73 56948
150 73 56950
150 73 56971
150 73 56972
150 73 56985
150 73 57001
150 73 57067
150 73 57097
150 73 57098
150 73 57103
150 73 57148
150 73 57165
150 73 57169
150 73 57175
150 73 57176
150 73 57179
150 73 57182
150 73 57192
150 73 57228
150 73 57253
150 73 57266
150 73 57281
150 73 57313
150 73 57331
150 73 57342
150 73 57343
150 73 57401
150 73 57403
150 73 57409
150 73 57410
150 73 57455
150 73 57458
150 73 57469
150 73 57492
150 73 57495
150 73 57511
150 73 57513
150 73 57521
150 73 57528
150 73 57530
150 73 57559
150 73 57562
150 73 57572
150 73 57632
150 73 57633
150 73 57638
150 73 57640
150 73 57690
150 73 57691
150 73 57696
150 73 57722
150 73 57737
150 73 57761
150 73 57763
150 73 57773
150 73 57777
150 73 57794
150 73 57817
150 73 57824
150 73 57841
150 73 57865
150 73 57871
150 73 57889
150 73 57897
150 73 57915
150 73 57960
150 73 57966
150 73 57997
150 73 58003
150 73 58009
150 73 58050
150 73 58076
150 73 58082
150 73 58104
150 73 58118
150 73 58120
150 73 58123
150 73 58134
150 73 58169
150 73 58170
150 73 58180
150 73 58190
150 73 58191
150 73 58195
150 73 58246
150 73 58250
150 73 58283
150 73 58330
150 73 58333
150 73 58352
150 73 58358
150 73 58371
150 73 58384
150 73 58387
150 73 58402
150 73 58416
150 73 58417
150 73 58420
150 73 58448
150 73 58458
150 73 58462
150 73 58483
150 73 58507
150 73 58509
150 73 58518
150 73 58519
150 73 58551
150 73 58559
150 73 58582
150 73 58590
150 73 58593
150 73 58612
150 73 58615
150 73 58625
150 73 58647
150 73 58651
150 73 58675
150 73 58704
150 73 58728
150 73 58751
150 73 58759
150 73 58761
150 73 58778
150 73 58828
150 73 58835
150 73 58876
150 73 58879
150 73 58895
150 73 58898
150 73 58910
150 73 58911
150 73 58915
150 73 58918
150 73 58951
150 73 58960
150 73 58972
150 73 58974
150 73 58982
150 73 59016
150 73 59031
150 73 59037
150 73 59051
150 73 59068
150 73 59073
150 73 59075
150 73 59079
150 73 59101
150 73 59102
150 73 59107
150 73 59127
150 73 59129
150 73 59138
150 73 59159
150 73 59189
150 73 59193
150 73 59225
150 73 59239
150 73 59261
150 73 59268
150 73 59279
150 73 59304
150 73 59313
150 73 59322
150 73 59359
150 73 59369
150 73 59371
150 73 59379
150 73 59380
150 73 59390
150 73 59405
150 73 59409
150 73 59420
150 73 59433
150 73 59443
150 73 59447
150 73 59460
150 73 59479
150 73 59488
150 73 59521
150 73 59536
150 73 59554
150 73 59569
150 73 59570
150 73 59581
150 73 59586
150 73 59607
150 73 59624
150 73 59636
150 73 59640
150 73 59664
150 73 59676
150 73 59678
150 73 59693
150 73 59696
150 73 59701
150 73 59703
150 73 59708
150 73 59724
150 73 59741
150 73 59749
150 73 59762
150 73 59782
150 73 59795
150 73 59816
150 73 59826
150 73 59842
150 73 59847
150 73 59855
150 73 59862
150 73 59895
150 73 59903
150 73 59922
150 73 59960
150 73 59974
150 73 59981
150 73 60003
150 73 60038
150 73 60044
150 73 60049
150 73 60062
150 73 60066
150 73 60075
150 73 60105
150 73 60116
150 73 60129
150 73 60130
150 73 60160
150 73 60166
150 73 60184
150 73 60208
150 73 60214
150 73 60225
150 73 60244
150 73 60255
150 73 60260
150 73 60263
150 73 60312
150 73 60325
150 73 60402
150 73 60414
150 73 60431
150 73 60440
150 73 60454
150 73 60467
150 73 60490
150 73 60498
150 73 60512
150 73 60549
150 73 60559
150 73 60576
150 73 60585
150 73 60592
150 73 60623
150 73 60648
150 73 60665
150 73 60670
150 73 60682
150 73 60723
150 73 60739
150 73 60744
150 73 60750
150 73 60762
150 73 60778
150 73 60788
150 73 60795
150 73 60804
150 73 60809
150 73 60815
150 73 60828
150 73 60833
150 73 60902
150 73 60917
150 73 60932
150 73 60939
150 73 60955
150 73 60987
150 73 61039
150 73 61056
150 73 61062
150 73 61072
150 73 61079
150 73 61100
150 73 61102
150 73 61142
150 73 61154
150 73 61157
150 73 61158
150 73 61173
150 73 61182
150 73 61198
150 73 61205
150 73 61245
150 73 61248
150 73 61261
150 73 61262
150 73 61284
150 73 61289
150 73 61311
150 73 61330
150 73 61343
150 73 61355
150 73 61358
150 73 61373
150 73 61389
150 73 61405
150 73 61409
150 73 61421
150 73 61427
150 73 61453
150 73 61463
150 73 61471
150 73 61476
150 73 61481
150 73 61487
150 73 61515
150 73 61527
150 73 61532
150 73 61566
150 73 61569
150 73 61596
150 73 61625
150 73 61658
150 73 61680
150 73 61683
150 73 61684
150 73 61696
150 73 61708
150 73 61761
150 73 61782
150 73 61792
150 73 61811
150 73 61813
150 73 61814
150 73 61845
150 73 61863
150 73 61870
150 73 61876
150 73 61877
150 73 61897
150 73 61904
150 73 61934
150 73 61971
150 73 61984
150 73 61987
150 73 62002
150 73 62007
150 73 62018
150 73 62052
150 73 62072
150 73 62142
150 73 62167
150 73 62186
150 73 62187
150 73 62190
150 73 62209
150 73 62245
150 73 62265
150 73 62274
150 73 62301
150 73 62327
150 73 62328
150 73 62337
150 73 62348
150 73 62361
150 73 62364
150 73 62385
150 73 62393
150 73 62415
150 73 62441
150 73 62457
150 73 62488
150 73 62500
150 73 62519
150 73 62521
150 73 62523
150 73 62533
150 73 62539
150 73 62556
150 73 62560
150 73 62570
150 73 62626
150 73 62637
150 73 62639
150 73 62647
150 73 62651
150 73 62666
150 73 62684
150 73 62705
150 73 62716
150 73 62735
150 73 62754
150 73 62800
150 73 62815
150 73 62819
150 73 62828
150 73 62829
150 73 62833
150 73 62841
150 73 62865
150 73 62882
150 73 62922
150 73 62979
150 73 62994
150 73 62996
150 73 63036
150 73 63060
150 73 63069
150 73 63093
150 73 63100
150 73 63111
150 73 63117
150 73 63150
150 73 63164
150 73 63174
150 73 63187
150 73 63193
150 73 63211
150 73 63213
150 73 63230
150 73 63245
150 73 63270
150 73 63276
150 73 63294
150 73 63340
150 73 63342
150 73 63359
150 73 63378
150 73 63394
150 73 63413
150 73 63415
150 73 63453
150 73 63461
150 73 63470
150 73 63480
150 73 63483
150 73 63520
150 73 63569
150 73 63586
150 73 63607
150 73 63621
150 73 63655
150 73 63658
150 73 63659
150 73 63670
150 73 63671
150 73 63677
150 73 63700
150 73 63714
150 73 63727
150 73 63767
150 73 63771
150 73 63779
150 73 63815
150 73 63821
150 73 63835
150 73 63846
150 73 63867
150 73 63875
150 73 63877
150 73 63898
150 73 63905
150 73 63910
150 73 63930
150 73 63956
150 73 63986
150 73 63987
150 73 64000
150 73 64004
150 73 64046
150 73 64057
150 73 64098
150 73 64140
150 73 64142
150 73 64143
150 73 64151
150 73 64165
150 73 64195
150 73 64205
150 73 64207
150 73 64208
150 73 64224
150 73 64245
150 73 64249
150 73 64258
150 73 64286
150 73 64296
150 73 64321
150 73 64330
150 73 64349
150 73 64362
150 73 64366
150 73 64375
150 73 64399
150 73 64403
150 73 64406
150 73 64422
150 73 64423
150 73 64436
150 73 64444
150 73 64445
150 73 64507
150 73 64527
150 73 64542
150 73 64559
150 73 64593
150 73 64598
150 73 64607
150 73 64619
150 73 64632
150 73 64636
150 73 64664
150 73 64665
150 73 64674
150 73 64681
150 73 64683
150 73 64688
150 73 64703
150 73 64706
150 73 64719
150 73 64736
150 73 64742
150 73 64745
150 73 64759
150 73 64772
150 73 64780
150 73 64785
150 73 64790
150 73 64796
150 73 64799
150 73 64831
150 73 64848
150 73 64854
150 73 64864
150 73 64879
150 73 64893
150 73 64928
150 73 64929
150 73 64979
150 73 64986
150 73 64987
150 73 65008
150 73 65010
150 73 65021
150 73 65037
150 73 65048
150 73 65069
150 73 65095
150 73 65098
150 73 65114
150 73 65119
150 73 65149
150 73 65193
150 73 65200
150 73 65205
150 73 65248
150 73 65253
150 73 65279
150 73 65294
150 73 65300
150 73 65301
150 73 65333
150 73 65407
150 73 65409
150 73 65429
150 73 65444
150 73 65454
150 73 65485
150 73 65498
150 73 65508
150 73 65532
